version https://git-lfs.github.com/spec/v1
oid sha256:d7c9029232d9fd271601a6f1218df3509affcd9fe9b3a552c03c286989ebf932
size 117199
