version https://git-lfs.github.com/spec/v1
oid sha256:cc567fcac7edff7b39554ad244699422903b1967963006fa58a78ccee77b895e
size 25215
